1981    7  191.90  205.30
1981    8  220.60  242.50
1981    9  219.50  245.30
1981   10  224.30  216.20
1981   11  207.80  186.00
1981   12  207.80  195.40
1982    1  179.00  149.80
1982    2  214.20  230.90
1982    3  210.50  221.10
1982    4  161.80  170.30
1982    5  144.70  119.30
1982    6  171.90  163.70
1982    7  159.60  139.40
1982    8  167.90  161.90
1982    9  165.30  167.40
1982   10  161.90  134.30
1982   11  167.40  127.50
1982   12  199.40  169.00
1983    1  142.30  115.50
1983    2  122.60   73.10
1983    3  118.60   88.70
1983    4  118.90  109.60
1983    5  137.10  132.50
1983    6  138.60  131.50
1983    7  125.00  108.90
1983    8  124.40   96.00
1983    9  109.00   69.90
1983   10  112.40   72.50
1983   11   92.50   45.70
1983   12   93.40   45.60
1984    1  116.10   74.80
1984    2  140.60  110.20
1984    3  122.00  116.70
1984    4  128.70   90.40
1984    5  128.30   96.90
1984    6  100.30   65.10
1984    7   89.30   55.70
1984    8   83.70   35.00
1984    9   78.10   22.60
1984   10   73.50   12.60
1984   11   76.30   26.50
1984   12   75.90   21.40
1985    1   74.50   17.80
1985    2   73.70   20.70
1985    3   73.30   16.90
1985    4   75.10   20.40
1985    5   80.20   32.40
1985    6   76.10   28.30
1985    7   78.70   39.90
1985    8   71.50   10.10
1985    9   69.50    4.30
1985   10   74.70   22.00
1985   11   74.20   17.90
1985   12   74.80   15.80
1986    1   73.20    2.80
1986    2   83.60   27.90
1986    3   77.00   13.80
1986    4   75.10   22.40
1986    5   72.60   16.10
1986    6   67.60    0.60
1986    7   70.20   18.10
1986    8   68.40    9.90
1986    9   68.70    5.10
1986   10   83.00   40.10
1986   11   77.10   15.40
1986   12   72.60    5.80
1987    1   72.50    9.80
1987    2   71.50    3.40
1987    3   74.00   17.40
1987    4   84.90   46.00
1987    5   87.80   39.10
1987    6   77.90   18.80
1987    7   84.20   38.20
1987    8   90.00   47.90
1987    9   86.10   42.20
1987   10   98.10   63.40
1987   11  101.20   48.80
1987   12   94.40   29.10
1988    1  108.00   70.50
1988    2  105.00   45.40
1988    3  114.90   91.20
1988    4  122.70  108.80
1988    5  115.20   74.20
1988    6  139.40  124.30
1988    7  152.70  131.40
1988    8  154.20  139.40
1988    9  152.50  142.70
1988   10  169.80  156.50
1988   11  156.20  156.80
1988   12  199.80  231.20
1989    1  235.40  210.10
1989    2  222.40  208.70
1989    3  205.10  170.40
1989    4  189.60  166.30
1989    5  190.10  195.40
1989    6  239.60  284.50
1989    7  181.90  180.50
1989    8  217.10  232.00
1989    9  225.90  225.10
1989   10  208.70  212.20
1989   11  235.10  238.20
1989   12  213.00  211.40
1990    1  210.10  227.40
1990    2  178.30  171.80
1990    3  188.80  191.70
1990    4  185.30  189.70
1990    5  189.70  175.20
1990    6  170.90  153.30
1990    7  180.70  191.10
1990    8  222.60  252.10
1990    9  177.40  169.10
1990   10  182.00  199.40
1990   11  184.30  178.80
1990   12  204.90  197.10
1991    1  229.40  195.30
1991    2  243.00  240.30
1991    3  230.00  197.00
1991    4  198.80  197.60
1991    5  190.30  166.90
1991    6  206.80  224.70
1991    7  212.00  240.20
1991    8  210.30  240.80
1991    9  180.60  168.90
1991   10  201.30  197.10
1991   11  172.00  159.50
1991   12  223.90  212.60
1992    1  217.60  198.30
1992    2  232.10  230.70
1992    3  171.30  151.00
1992    4  158.50  142.20
1992    5  125.40   94.30
1992    6  116.70   98.50
1992    7  132.20  114.20
1992    8  122.10   91.90
1992    9  116.80   94.00
1992   10  131.70  133.40
1992   11  145.20  129.60
1992   12  139.10  122.00
1993    1  121.00   81.40
1993    2  142.60  127.80
1993    3  136.40  102.40
1993    4  115.90   94.40
1993    5  112.40   78.80
1993    6  109.30   69.60
1993    7   99.00   80.40
1993    8   93.70   62.50
1993    9   87.00   31.20
1993   10  100.30   71.10
1993   11   95.90   48.20
1993   12  104.80   68.40
1994    1  115.00   84.90
1994    2   99.60   54.90
1994    3   90.40   47.50
1994    4   79.10   27.40
1994    5   79.90   29.80
1994    6   77.30   39.70
1994    7   80.50   50.60
1994    8   76.10   34.30
1994    9   79.00   40.50
1994   10   87.70   67.10
1994   11   80.90   29.50
1994   12   77.40   32.20
1995    1   82.70   32.60
1995    2   85.60   45.80
1995    3   85.10   46.30
1995    4   77.70   21.60
1995    5   75.50   19.40
1995    6   75.70   22.50
1995    7   73.90   20.40
1995    8   73.80   18.20
1995    9   72.00   15.70
1995   10   77.90   30.60
1995   11   74.20   14.00
1995   12   72.60   14.90
1996    1   74.50   13.30
1996    2   71.50    7.70
1996    3   70.70   12.60
1996    4   69.30    6.80
1996    5   70.10    7.60
1996    6   69.60   16.50
1996    7   71.20   11.80
1996    8   72.40   19.70
1996    9   69.40    3.00
1996   10   69.20    0.70
1996   11   78.70   24.90
1996   12   77.80   14.00
1997    1   74.00    7.40
1997    2   73.80   11.00
1997    3   73.50   12.10
1997    4   74.50   23.00
1997    5   74.60   25.40
1997    6   71.70   20.80
1997    7   71.10   12.90
1997    8   79.00   35.70
1997    9   96.20   59.70
1997   10   84.90   32.80
1997   11   99.50   50.40
1997   12   98.80   55.50
1998    1   93.40   44.50
1998    2   93.40   50.20
1998    3  109.10   82.00
1998    4  108.30   70.60
1998    5  106.70   74.00
1998    6  108.40   90.50
1998    7  114.00   96.70
1998    8  136.00  121.10
1998    9  138.30  132.00
1998   10  117.30   78.50
1998   11  140.20   97.30
1998   12  150.10  119.20
1999    1  142.60   86.00
1999    2  142.00   98.00
1999    3  126.30  103.50
1999    4  117.20   93.60
1999    5  148.60  149.60
1999    6  169.80  207.20
1999    7  165.60  173.50
1999    8  170.80  142.30
1999    9  135.70  106.30
1999   10  164.80  168.70
1999   11  191.50  188.30
1999   12  169.80  116.80
2000    1  158.10  133.10
2000    2  173.20  165.70
2000    3  208.20  217.70
2000    4  184.20  191.50
2000    5  184.50  165.90
2000    6  179.80  188.00
2000    7  204.70  244.30
2000    8  163.10  180.50
2000    9  182.10  156.00
2000   10  167.70  141.60
2000   11  178.80  158.10
2000   12  173.60  143.30
2001    1  166.60  142.60
2001    2  146.70  121.50
2001    3  177.70  165.80
2001    4  178.10  161.70
2001    5  147.90  142.10
2001    6  173.70  202.90
2001    7  131.30  123.00
2001    8  163.10  161.50
2001    9  233.80  238.20
2001   10  208.10  194.10
2001   11  212.70  176.60
2001   12  235.60  213.40
2002    1  227.30  184.60
2002    2  205.00  170.20
2002    3  204.40  147.10
2002    4  189.80  186.90
2002    5  178.40  187.50
2002    6  148.70  128.80
2002    7  173.50  161.00
2002    8  183.90  175.60
2002    9  175.80  187.90
2002   10  167.00  151.20
2002   11  168.70  147.20
2002   12  157.20  135.30
2003    1  144.00  133.50
2003    2  124.50   75.70
2003    3  132.20  100.70
2003    4  126.30   97.90
2003    5  116.20   86.80
2003    6  129.30  118.70
2003    7  127.70  128.30
2003    8  122.10  115.40
2003    9  112.20   78.50
2003   10  151.30   97.80
2003   11  140.80   82.90
2003   12  115.00   72.20
2004    1  114.10   60.60
2004    2  107.00   74.60
2004    3  112.00   74.80
2004    4  101.20   59.20
2004    5   99.80   72.80
2004    6   97.40   66.50
2004    7  118.50   83.80
2004    8  111.00   69.70
2004    9  103.00   48.80
2004   10  105.90   74.20
2004   11  113.70   70.10
2004   12   95.00   28.90
2005    1  102.20   48.10
2005    2   97.20   43.50
2005    3   89.90   39.60
2005    4   86.00   38.70
2005    5   99.50   61.90
2005    6   93.70   56.80
2005    7   96.50   62.40
2005    8   90.50   60.50
2005    9   91.10   37.20
2005   10   76.60   13.20
2005   11   86.20   27.50
2005   12   90.70   59.30
2006    1   83.40   20.90
2006    2   76.50    5.70
2006    3   75.50   17.30
2006    4   89.00   50.30
2006    5   80.90   37.20
2006    6   76.50   24.50
2006    7   75.80   22.20
2006    8   79.40   20.80
2006    9   77.80   23.70
2006   10   74.30   14.90
2006   11   86.30   35.70
2006   12   84.50   22.30
2007    1   83.50   29.30
2007    2   77.70   18.40
2007    3   72.20    7.20
2007    4   72.40    5.40
2007    5   74.40   19.50
2007    6   73.70   21.30
2007    7   71.60   15.10
2007    8   69.10    9.80
2007    9   67.00    4.00
2007   10   67.50    1.50
2007   11   69.60    2.80
2007   12   78.50   17.30
2008    1   74.30    4.10
2008    2   71.10    2.90
2008    3   72.90   15.50
2008    4   70.20    3.60
2008    5   68.40    4.60
2008    6   65.90    5.20
2008    7   65.70    0.60
2008    8   66.30    0.30
2008    9   67.10    1.20
2008   10   68.30    4.20
2008   11   68.60    6.60
2008   12   69.20    1.00
2009    1   69.80    1.30
2009    2   70.00    1.20
2009    3   69.20    0.60
2009    4   69.70    1.20
2009    5   70.50    2.90
2009    6   68.60    6.30
2009    7   68.20    5.50
2009    8   67.40    0.00
2009    9   70.50    7.10
2009   10   72.30    7.70
2009   11   73.60    6.90
2009   12   76.80   16.30
2010    1   81.10   19.50
2010    2   84.70   28.50
2010    3   83.40   24.00
2010    4   75.90   10.40
2010    5   73.80   13.90
2010    6   72.50   18.80
2010    7   79.80   25.20
2010    8   79.50   29.60
2010    9   81.10   36.40
2010   10   81.70   33.60
2010   11   82.50   34.40
2010   12   84.20   24.50
2011    1   83.40   27.30
2011    2   94.60   48.30
2011    3  115.80   78.60
2011    4  112.50   76.10
2011    5   95.80   58.20
2011    6   95.80   56.10
2011    7   94.10   64.50
2011    8  101.70   65.80
2011    9  134.50  120.10
2011   10  137.20  125.70
2011   11  153.10  139.10
2011   12  141.20  109.30
2012    1  133.10   94.40
2012    2  106.80   47.80
2012    3  115.00   86.60
2012    4  113.10   85.90
2012    5  121.50   96.50
2012    6  120.90   92.00
2012    7  136.10  100.10
2012    8  115.70   94.80
2012    9  123.00   93.70
2012   10  123.20   76.50
2012   11  120.90   87.60
2012   12  108.30   56.80
2013    1  127.10   96.10
2013    2  104.20   60.90
2013    3  111.30   78.30
2013    4  125.10  107.30
2013    5  131.30  120.20
2013    6  110.10   76.70
2013    7  115.50   86.20
2013    8  115.40   91.80
2013    9  102.60   54.50
2013   10  132.40  114.40
2013   11  148.30  113.90
2013   12  147.70  124.20
2014    1  160.10  117.00
2014    2  170.20  146.10
2014    3  149.90  128.70
2014    4  144.20  112.50
2014    5  130.20  112.50
2014    6  122.10  102.90
2014    7  137.30  100.20
2014    8  125.20  106.90
2014    9  147.70  130.00
2014   10  155.10   90.00
2014   11  154.70  103.60
2014   12  158.90  112.90
2015    1  141.50   93.00
2015    2  128.90   66.70
2015    3  126.30   54.50
2015    4  129.00   75.30
2015    5  119.90   88.80
2015    6  126.80   66.50
2015    7  107.00   65.80
2015    8  106.50   64.40
2015    9  102.00   78.60
2015   10  104.00   61.70
2015   11  109.50   63.20
